101 1111 
97 1110 
32 110 
105 10111 
98 101101 
121 101100 
109 101010 
99 10100 
114 1001 
104 10001 
103 10000 
111 0111 
80 011011111 
87 0001110110101 
81 000111011010011 
56 000111011010010 
82 000111001 
122 000111000 
75 01101111000 
50 00011101101000 
119 000110 
72 00011101100 
77 000111010 
100 00001 
53 0001110110110100 
112 00010 
65 000000101 
66 00000111 
113 00000110 
70 0000000101 
117 01100 
68 0000000100 
115 0011 
45 00000000 
71 0000000111 
118 0000010 
120 000000100 
73 0001110110110111 
44 0000000110 
67 00000011 
47 000111011011000 
48 000111011011001 
51 0001110110110101 
33 0001110110110110 
107 101011 
10 0001110110111 
84 0001110111 
74 00011110 
83 00011111 
116 0010 
69 01101111010 
110 0100 
108 0101 
102 011010 
106 01101100 
76 011011010 
39 011011011 
46 01101110 
78 01101111001 
89 01101111011 
